DETAILED TRAINING REPORT
Model     | Fold | Epochs | Accuracy | F1-score | AUC
---------------------------------------------------
LSTM_WEEK  |    1 |    380 | 0.8880   | 0.9237   | 0.9153
LSTM_WEEK  |    2 |     80 | 0.8963   | 0.9286   | 0.9066
LSTM_WEEK  |    3 |    113 | 0.8838   | 0.9213   | 0.9270
LSTM_WEEK  |    4 |    125 | 0.9046   | 0.9347   | 0.9389
LSTM_WEEK  |    5 |     83 | 0.9066   | 0.9358   | 0.9151
LSTM_WEEK  |    6 |     73 | 0.8942   | 0.9272   | 0.9055
LSTM_WEEK  |    7 |     95 | 0.8859   | 0.9224   | 0.9040
LSTM_WEEK  |    8 |     80 | 0.8859   | 0.9220   | 0.9224
LSTM_WEEK  |    9 |     82 | 0.8921   | 0.9263   | 0.9188
LSTM_WEEK  |   10 |    100 | 0.8983   | 0.9299   | 0.9281
LSTM_MONTH |    1 |    147 | 0.8797   | 0.9185   | 0.9158
LSTM_MONTH |    2 |    125 | 0.8963   | 0.9284   | 0.9026
LSTM_MONTH |    3 |    104 | 0.8817   | 0.9191   | 0.9137
LSTM_MONTH |    4 |    141 | 0.9004   | 0.9320   | 0.9370
LSTM_MONTH |    5 |    141 | 0.8983   | 0.9303   | 0.9132
LSTM_MONTH |    6 |    117 | 0.9025   | 0.9331   | 0.9028
LSTM_MONTH |    7 |    111 | 0.8921   | 0.9263   | 0.8975
LSTM_MONTH |    8 |     92 | 0.8838   | 0.9200   | 0.9142
LSTM_MONTH |    9 |    224 | 0.8817   | 0.9191   | 0.9135
LSTM_MONTH |   10 |    142 | 0.8942   | 0.9277   | 0.9245
CNN_WEEK   |    1 |     74 | 0.8237   | 0.8798   | 0.8671
CNN_WEEK   |    2 |    107 | 0.8548   | 0.9014   | 0.8752
CNN_WEEK   |    3 |    330 | 0.8485   | 0.8976   | 0.8874
CNN_WEEK   |    4 |    160 | 0.8485   | 0.8965   | 0.8955
CNN_WEEK   |    5 |    139 | 0.8444   | 0.8945   | 0.8971
CNN_WEEK   |    6 |     74 | 0.8527   | 0.8999   | 0.8642
CNN_WEEK   |    7 |    119 | 0.8548   | 0.9020   | 0.8753
CNN_WEEK   |    8 |    112 | 0.8548   | 0.9006   | 0.8775
CNN_WEEK   |    9 |    135 | 0.8216   | 0.8796   | 0.8638
CNN_WEEK   |   10 |    174 | 0.8485   | 0.8953   | 0.8858
CNN_MONTH  |    1 |    118 | 0.8340   | 0.8870   | 0.8769
CNN_MONTH  |    2 |    117 | 0.8631   | 0.9068   | 0.8668
CNN_MONTH  |    3 |    162 | 0.8444   | 0.8951   | 0.8732
CNN_MONTH  |    4 |     83 | 0.8672   | 0.9086   | 0.8945
CNN_MONTH  |    5 |    119 | 0.8651   | 0.9075   | 0.8906
CNN_MONTH  |    6 |     89 | 0.8589   | 0.9040   | 0.8615
CNN_MONTH  |    7 |     82 | 0.8485   | 0.8976   | 0.8672
CNN_MONTH  |    8 |    130 | 0.8527   | 0.8996   | 0.8935
CNN_MONTH  |    9 |    124 | 0.8485   | 0.8976   | 0.8858
CNN_MONTH  |   10 |    107 | 0.8589   | 0.9031   | 0.8812

FINAL TEST METRICS
Model     | Epochs | Test Acc | Test F1 | Test AUC
-----------------------------------------------
LSTM_WEEK  |    126 | 0.8731   | 0.9130   | 0.8904
LSTM_MONTH |     94 | 0.8806   | 0.9188   | 0.8875
CNN_WEEK   |     93 | 0.8340   | 0.8886   | 0.8434
CNN_MONTH  |     92 | 0.8433   | 0.8950   | 0.8564

AVERAGE CV METRICS
Model     | Avg Epochs | Avg Acc | Avg F1  | Avg AUC
------------------------------------------------
LSTM_WEEK  |      121.1 | 0.8936  | 0.9272 | 0.9182
LSTM_MONTH |      134.4 | 0.8911  | 0.9255 | 0.9135
CNN_WEEK   |      142.4 | 0.8452  | 0.8947 | 0.8789
CNN_MONTH  |      113.1 | 0.8541  | 0.9007 | 0.8791
PS C:\Users\USER-PC\Desktop\HumanDigitalTwin_LSTM> 